breakout.bin,5000,,,
Epoch,Epoch avg score,Hours training,Number of episodes,episodes in epoch
1, -67.9583, 0.0399405, 118, 119
2, -10.3167, 0.0793312, 322, 204
3, -6.55507, 0.119241, 550, 228
4, -2.7862, 0.160201, 917, 367
5, -1.97122, 0.20136, 1375, 458
6, 1.32723, 0.24381, 1936, 561
6, 1.06087, 0.243932, 1937, 1
7, 2.11793, 0.287333, 2530, 593
8, 3.40058, 0.331004, 3276, 746
9, 4.63643, 0.375285, 4058, 782
10, 4.78655, 0.419855, 4922, 864
